{
  "camera_angle_x": 0.6978862905543026,
  "camera_angle_y": 1.1878307798374887,
  "fl_x": 989.4696242997061,
  "fl_y": 947.8093830526749,
  "k1": 0.03789761476567082,
  "k2": 0.06955867976069309,
  "k3": 0,
  "k4": 0,
  "p1": 0.05021499931557948,
  "p2": 0.01253642258006143,
  "is_fisheye": false,
  "cx": 362.2844179695372,
  "cy": 725.3117560948083,
  "w": 720.0,
  "h": 1280.0,
  "aabb_scale": 16,
  "frames": [
    {
      "file_path": "./images/0014.jpg",
      "sharpness": 39.148795221922114,
      "transform_matrix": [
        [
          -0.4676443314414925,
          -0.6332778128602159,
          0.6166587314301792,
          2.465419859636042
        ],
        [
          0.7379870117339582,
          0.10425020108637537,
          0.6667136312658698,
          2.377540034991076
        ],
        [
          -0.4865017469654077,
          0.7668709848240689,
          0.4185987851204484,
          1.7417468590470044
        ],
        [
          0.0,
          0.0,
          0.0,
          1.0
        ]
      ]
    },
    {
      "file_path": "./images/0013.jpg",
      "sharpness": 41.904124329365594,
      "transform_matrix": [
        [
          -0.4277165694081206,
          -0.6387048717400274,
          0.6396206868986963,
          2.6003380495462176
        ],
        [
          0.7597844122881976,
          0.12930261536557652,
          0.6371879475741744,
          2.272873534529833
        ],
        [
          -0.4896796739875824,
          0.7585096706873267,
          0.42997313454094316,
          1.790403871785881
        ],
        [
          0.0,
          0.0,
          0.0,
          1.0
        ]
      ]
    },
    {
      "file_path": "./images/0012.jpg",
      "sharpness": 38.092205855841684,
      "transform_matrix": [
        [
          -0.3901856285643461,
          -0.6453110431859751,
          0.656756296386667,
          2.725967424731959
        ],
        [
          0.778607966774949,
          0.14947413296203382,
          0.6094482075452493,
          2.1721839293020806
        ],
        [
          -0.4914517365486011,
          0.7491536165347256,
          0.44412166074855186,
          1.8360733331643675
        ],
        [
          0.0,
          0.0,
          0.0,
          1.0
        ]
      ]
    },
    {
      "file_path": "./images/0029.jpg",
      "sharpness": 34.25522992157643,
      "transform_matrix": [
        [
          -0.8911390064181433,
          -0.35182674604953723,
          0.28651214990596036,
          0.6510222861744416
        ],
        [
          0.37646620103329903,
          -0.22085598969489167,
          0.8997198626937912,
          3.4390326645262808
        ],
        [
          -0.25326758722060116,
          0.9096376051205931,
          0.32926426572537815,
          1.3452492332153634
        ],
        [
          0.0,
          0.0,
          0.0,
          1.0
        ]
      ]
    },
    {
      "file_path": "./images/0030.jpg",
      "sharpness": 28.67862291474403,
      "transform_matrix": [
        [
          -0.9214165562463874,
          -0.3131071938006601,
          0.23012043608680305,
          0.5363952416905998
        ],
        [
          0.3132739611039713,
          -0.24820632448226157,
          0.9166531764039891,
          3.4449748111408223
        ],
        [
          -0.22989335612295392,
          0.916710153618362,
          0.3267897475951005,
          1.3058954865072083
        ],
        [
          0.0,
          0.0,
          0.0,
          1.0
        ]
      ]
    },
    {
      "file_path": "./images/0001.jpg",
      "sharpness": 91.44487617896631,
      "transform_matrix": [
        [
          -0.22820683479995738,
          -0.6866745102421368,
          0.6902171814536083,
          3.0148496306495756
        ],
        [
          0.8246757276111446,
          0.2404992591549871,
          0.5119277787590951,
          1.8960238368058804
        ],
        [
          -0.5175244775543826,
          0.6860307743617536,
          0.5114002266624662,
          2.0671491718188446
        ],
        [
          0.0,
          0.0,
          0.0,
          1.0
        ]
      ]
    },
    {
      "file_path": "./images/0015.jpg",
      "sharpness": 43.99768302958806,
      "transform_matrix": [
        [
          -0.4914730278742629,
          -0.6258773041602834,
          0.60558390256728,
          2.413618038073575
        ],
        [
          0.7268287995146551,
          0.08828998707979997,
          0.6811202349129142,
          2.454651414754027
        ],
        [
          -0.47976469136971356,
          0.774908045107455,
          0.4115135023451988,
          1.704237538323464
        ],
        [
          0.0,
          0.0,
          0.0,
          1.0
        ]
      ]
    },
    {
      "file_path": "./images/0031.jpg",
      "sharpness": 35.20029078108705,
      "transform_matrix": [
        [
          -0.9397419938460891,
          -0.2801473983570667,
          0.19596535468138382,
          0.49265363388555805
        ],
        [
          0.27232026584178814,
          -0.2668081370381795,
          0.9244755761253853,
          3.442652157015217
        ],
        [
          -0.20670427628961102,
          0.9221338586526964,
          0.3270206246701013,
          1.315642649268086
        ],
        [
          0.0,
          0.0,
          0.0,
          1.0
        ]
      ]
    },
    {
      "file_path": "./images/0016.jpg",
      "sharpness": 40.16701709473104,
      "transform_matrix": [
        [
          -0.5199806843985851,
          -0.6152827715388637,
          0.5924923619248527,
          2.340207415572266
        ],
        [
          0.7138154469402067,
          0.06795894868649545,
          0.6970287576802471,
          2.583343164645201
        ],
        [
          -0.4691349438889847,
          0.7853716906001178,
          0.4038610059116109,
          1.6502013802495372
        ],
        [
          0.0,
          0.0,
          0.0,
          1.0
        ]
      ]
    },
    {
      "file_path": "./images/0002.jpg",
      "sharpness": 91.44487617896631,
      "transform_matrix": [
        [
          -0.2282068347999574,
          -0.6866745102421369,
          0.6902171814536083,
          3.0148496306495756
        ],
        [
          0.8246757276111446,
          0.24049925915498707,
          0.5119277787590951,
          1.896023836805881
        ],
        [
          -0.5175244775543826,
          0.6860307743617536,
          0.5114002266624662,
          2.067149171818844
        ],
        [
          0.0,
          0.0,
          0.0,
          1.0
        ]
      ]
    },
    {
      "file_path": "./images/0023.jpg",
      "sharpness": 24.404014684531127,
      "transform_matrix": [
        [
          -0.7266846605508342,
          -0.5106686246227223,
          0.45950730134080875,
          2.0578310150341803
        ],
        [
          0.5731182195788164,
          -0.08186574158160961,
          0.8153732315770428,
          3.0740409608578925
        ],
        [
          -0.3787676207372033,
          0.855871226438711,
          0.35216407157051177,
          1.5023816217898696
        ],
        [
          0.0,
          0.0,
          0.0,
          1.0
        ]
      ]
    },
    {
      "file_path": "./images/0028.jpg",
      "sharpness": 37.68708756192057,
      "transform_matrix": [
        [
          -0.8603950580759955,
          -0.3811035540536527,
          0.3383495606108209,
          0.804390263244979
        ],
        [
          0.4328425903451528,
          -0.196013576020931,
          0.8799011137787438,
          3.404870714681987
        ],
        [
          -0.26901233435640903,
          0.9035146701477276,
          0.3336069616505395,
          1.3945732554125283
        ],
        [
          0.0,
          0.0,
          0.0,
          1.0
        ]
      ]
    },
    {
      "file_path": "./images/0022.jpg",
      "sharpness": 46.98122692969873,
      "transform_matrix": [
        [
          -0.6814032266438927,
          -0.5358611509969724,
          0.49854033900071565,
          2.2576792937233106
        ],
        [
          0.6152380347026125,
          -0.050403576003742845,
          0.786728441211827,
          2.987921868189597
        ],
        [
          -0.3964489921620692,
          0.8428002767210332,
          0.36402732073619853,
          1.5095815302498214
        ],
        [
          0.0,
          0.0,
          0.0,
          1.0
        ]
      ]
    },
    {
      "file_path": "./images/0018.jpg",
      "sharpness": 57.203505509665014,
      "transform_matrix": [
        [
          -0.5724256195932076,
          -0.5916926482330186,
          0.5676519356963264,
          2.2881932229286637
        ],
        [
          0.6896430022659392,
          0.027055518131251406,
          0.723643923759856,
          2.8335164031889244
        ],
        [
          -0.4435329068656737,
          0.805709506598782,
          0.39256942261640637,
          1.5614602717275572
        ],
        [
          0.0,
          0.0,
          0.0,
          1.0
        ]
      ]
    },
    {
      "file_path": "./images/0004.jpg",
      "sharpness": 97.8619236607858,
      "transform_matrix": [
        [
          -0.25284163495883344,
          -0.6810391036015998,
          0.6872094637272759,
          2.9987597607853935
        ],
        [
          0.8198893078434613,
          0.22628107611310033,
          0.5259072137814391,
          1.922705173545637
        ],
        [
          -0.5136658744186408,
          0.6964069313279762,
          0.5011634020215665,
          2.02520912171963
        ],
        [
          0.0,
          0.0,
          0.0,
          1.0
        ]
      ]
    },
    {
      "file_path": "./images/0003.jpg",
      "sharpness": 95.38801077218584,
      "transform_matrix": [
        [
          -0.23927808336689493,
          -0.6833742956200397,
          0.6897431195347561,
          3.014534201024221
        ],
        [
          0.8226006201140171,
          0.23471557249690586,
          0.5179158424355957,
          1.9042824417435458
        ],
        [
          -0.5158238251922866,
          0.6913090279720074,
          0.5059818270236013,
          2.0502900266883795
        ],
        [
          0.0,
          0.0,
          0.0,
          1.0
        ]
      ]
    },
    {
      "file_path": "./images/0019.jpg",
      "sharpness": 29.41341870153805,
      "transform_matrix": [
        [
          -0.5968490902814904,
          -0.5788431488204403,
          0.5556183695066712,
          2.3230253023160143
        ],
        [
          0.6792222609802935,
          0.004123452500479484,
          0.7339210566256998,
          2.8842142949783782
        ],
        [
          -0.4271162413578994,
          0.8154284801639842,
          0.3907020734210419,
          1.5407356589830694
        ],
        [
          0.0,
          0.0,
          0.0,
          1.0
        ]
      ]
    },
    {
      "file_path": "./images/0032.jpg",
      "sharpness": 34.80290897420131,
      "transform_matrix": [
        [
          -0.9543117982713099,
          -0.24912182675071887,
          0.16500699123376716,
          0.4330824932696548
        ],
        [
          0.2337497126032308,
          -0.2783810259550006,
          0.9315927631086651,
          3.45147245738616
        ],
        [
          -0.18614527542397635,
          0.9276003017971854,
          0.32389445288990126,
          1.3679778707020276
        ],
        [
          0.0,
          0.0,
          0.0,
          1.0
        ]
      ]
    },
    {
      "file_path": "./images/0005.jpg",
      "sharpness": 93.29705584102211,
      "transform_matrix": [
        [
          -0.2607157873924433,
          -0.6807232563592314,
          0.6845751430598979,
          2.9798990915571895
        ],
        [
          0.818788122709289,
          0.21977128119893888,
          0.5303645860166988,
          1.9325185473371171
        ],
        [
          -0.5114814643181232,
          0.6987964168878676,
          0.5000702745349016,
          2.00454943922482
        ],
        [
          0.0,
          0.0,
          0.0,
          1.0
        ]
      ]
    },
    {
      "file_path": "./images/0017.jpg",
      "sharpness": 52.668821229364845,
      "transform_matrix": [
        [
          -0.5511495067792783,
          -0.6013978317974946,
          0.578407182809556,
          2.294555592888955
        ],
        [
          0.6997969693434375,
          0.04437917165187949,
          0.7129619140259333,
          2.7552267638271397
        ],
        [
          -0.4544429808999735,
          0.7977162008444061,
          0.396396821494395,
          1.6016829223827533
        ],
        [
          0.0,
          0.0,
          0.0,
          1.0
        ]
      ]
    },
    {
      "file_path": "./images/0025.jpg",
      "sharpness": 28.42481009673014,
      "transform_matrix": [
        [
          -0.7856390872401537,
          -0.46173450832360474,
          0.4117917780420995,
          1.5412247221916477
        ],
        [
          0.5200544869176089,
          -0.13231914523493904,
          0.843821648496557,
          3.218838770004509
        ],
        [
          -0.3351336378960652,
          0.8770934315648906,
          0.3440821953051616,
          1.448874399074067
        ],
        [
          0.0,
          0.0,
          0.0,
          1.0
        ]
      ]
    },
    {
      "file_path": "./images/0021.jpg",
      "sharpness": 57.78632404495877,
      "transform_matrix": [
        [
          -0.644549089186439,
          -0.5521766365376963,
          0.5288264684471699,
          2.334061361455717
        ],
        [
          0.6486615868151081,
          -0.02880408097339423,
          0.7605317026528697,
          2.946170030295154
        ],
        [
          -0.4047154771331226,
          0.8332294324150901,
          0.37674141741502487,
          1.5103605471304893
        ],
        [
          0.0,
          0.0,
          0.0,
          1.0
        ]
      ]
    },
    {
      "file_path": "./images/0024.jpg",
      "sharpness": 39.13771267268807,
      "transform_matrix": [
        [
          -0.7571365912391727,
          -0.4873273979105367,
          0.43503584851357735,
          1.833027920234824
        ],
        [
          0.5461755488779627,
          -0.10689300122638534,
          0.8308225780074596,
          3.1438808442159663
        ],
        [
          -0.35838031757701566,
          0.8666521179806029,
          0.3470989116129268,
          1.4830117619812742
        ],
        [
          0.0,
          0.0,
          0.0,
          1.0
        ]
      ]
    },
    {
      "file_path": "./images/0006.jpg",
      "sharpness": 92.71770181646933,
      "transform_matrix": [
        [
          -0.27080109289650045,
          -0.6763024891047036,
          0.685041393899887,
          2.9750272493316348
        ],
        [
          0.8155784058681628,
          0.2168431489438951,
          0.5364801139538456,
          1.9404703220766994
        ],
        [
          -0.5113693694323274,
          0.7039843691665145,
          0.4928563442275592,
          1.9563454328918264
        ],
        [
          0.0,
          0.0,
          0.0,
          1.0
        ]
      ]
    },
    {
      "file_path": "./images/0027.jpg",
      "sharpness": 29.640105548995205,
      "transform_matrix": [
        [
          -0.8310644120291292,
          -0.4120870383982088,
          0.37351869549237754,
          1.0381830124159932
        ],
        [
          0.4737610417049767,
          -0.17271486998225172,
          0.8635508375769884,
          3.3535814153696193
        ],
        [
          -0.29134587423548763,
          0.8946249753609348,
          0.33876796645514173,
          1.4237648170728896
        ],
        [
          0.0,
          0.0,
          0.0,
          1.0
        ]
      ]
    },
    {
      "file_path": "./images/0026.jpg",
      "sharpness": 29.167778862506953,
      "transform_matrix": [
        [
          -0.8125883527207769,
          -0.43341441529532154,
          0.38968206742959777,
          1.2278528474867396
        ],
        [
          0.4938208963647436,
          -0.15684109880216324,
          0.8553021641913111,
          3.3027999776912456
        ],
        [
          -0.30958212375464356,
          0.8874417245140833,
          0.34147634517310343,
          1.432146617999598
        ],
        [
          0.0,
          0.0,
          0.0,
          1.0
        ]
      ]
    },
    {
      "file_path": "./images/0020.jpg",
      "sharpness": 75.82912413829163,
      "transform_matrix": [
        [
          -0.6238685109011581,
          -0.5619980640483818,
          0.5430895480041013,
          2.355922603830679
        ],
        [
          0.6645790447854797,
          -0.015826942399240394,
          0.7470503337504104,
          2.929319665925801
        ],
        [
          -0.41124539432053786,
          0.8269871123306253,
          0.38336606756329505,
          1.5215024110565958
        ],
        [
          0.0,
          0.0,
          0.0,
          1.0
        ]
      ]
    },
    {
      "file_path": "./images/0007.jpg",
      "sharpness": 86.92074826626134,
      "transform_matrix": [
        [
          -0.28386962205894717,
          -0.6719460589750522,
          0.6840369372625011,
          2.9612252244378685
        ],
        [
          0.813218630962127,
          0.20925538378517164,
          0.5430355813786915,
          1.9338323248105742
        ],
        [
          -0.5080290306207361,
          0.7104228868986675,
          0.4870378074511919,
          1.9417024155943334
        ],
        [
          0.0,
          0.0,
          0.0,
          1.0
        ]
      ]
    },
    {
      "file_path": "./images/0008.jpg",
      "sharpness": 90.47239988161724,
      "transform_matrix": [
        [
          -0.29408566116938795,
          -0.6703154458750837,
          0.681315512046591,
          2.939359466891649
        ],
        [
          0.8116135389592806,
          0.20132928909609826,
          0.548406765786438,
          1.9437210697808314
        ],
        [
          -0.5047742934195332,
          0.7142434601860583,
          0.48482903414915596,
          1.945710968426891
        ],
        [
          0.0,
          0.0,
          0.0,
          1.0
        ]
      ]
    },
    {
      "file_path": "./images/0009.jpg",
      "sharpness": 89.15017289479576,
      "transform_matrix": [
        [
          -0.30597160320996647,
          -0.6682450326504223,
          0.6781076274505512,
          2.911037028562174
        ],
        [
          0.8082801890865995,
          0.1940257764857249,
          0.5559110846345228,
          1.9570415123508524
        ],
        [
          -0.5030551798593141,
          0.7181939671446134,
          0.48076284345146836,
          1.9554690630780527
        ],
        [
          0.0,
          0.0,
          0.0,
          1.0
        ]
      ]
    },
    {
      "file_path": "./images/0010.jpg",
      "sharpness": 85.42889531347498,
      "transform_matrix": [
        [
          -0.3241115557399809,
          -0.6608527956013618,
          0.6769233944997991,
          2.898973240476493
        ],
        [
          0.8039556577326801,
          0.18472297570298069,
          0.5652722553578396,
          1.9967208007393271
        ],
        [
          -0.49860505398408084,
          0.7274276629604016,
          0.4714254929161614,
          1.9345927117176906
        ],
        [
          0.0,
          0.0,
          0.0,
          1.0
        ]
      ]
    },
    {
      "file_path": "./images/0011.jpg",
      "sharpness": 80.59070645570635,
      "transform_matrix": [
        [
          -0.3480188716640276,
          -0.6561747807342213,
          0.6695651739252501,
          2.831176989490115
        ],
        [
          0.7985774549923667,
          0.1666253279236315,
          0.5783684366409926,
          2.0501275913855412
        ],
        [
          -0.49107729876803596,
          0.7359827832706334,
          0.4660176278142778,
          1.921400311478317
        ],
        [
          0.0,
          0.0,
          0.0,
          1.0
        ]
      ]
    },
    {
      "file_path": "./images/0033.jpg",
      "sharpness": 29.28632480140851,
      "transform_matrix": [
        [
          -0.9657815130797028,
          -0.21520983450644532,
          0.14474389854030256,
          0.36160961474375114
        ],
        [
          0.20391587368913283,
          -0.28522361472173074,
          0.936517915521618,
          3.4846025997793855
        ],
        [
          -0.160263487661148,
          0.9339872680107345,
          0.3193483956218909,
          1.4346830414058067
        ],
        [
          0.0,
          0.0,
          0.0,
          1.0
        ]
      ]
    },
    {
      "file_path": "./images/0036.jpg",
      "sharpness": 16.840033626526967,
      "transform_matrix": [
        [
          -0.9958668096578411,
          -0.08450548973291366,
          0.033288431419495335,
          0.07365817806935929
        ],
        [
          0.0582946000286671,
          -0.31364294090887646,
          0.947749885389504,
          3.474468457766075
        ],
        [
          -0.06964938668049891,
          0.9457731905116111,
          0.31727280865883245,
          1.4412694707469207
        ],
        [
          0.0,
          0.0,
          0.0,
          1.0
        ]
      ]
    },
    {
      "file_path": "./images/0034.jpg",
      "sharpness": 36.02561414448303,
      "transform_matrix": [
        [
          -0.9725599324181187,
          -0.1905688365264032,
          0.1334567212218778,
          0.3359443333607135
        ],
        [
          0.1856295835357643,
          -0.28983210865097664,
          0.938903086874016,
          3.510734160289952
        ],
        [
          -0.14024562595124723,
          0.937913038297822,
          0.31725430976148605,
          1.4594707942882001
        ],
        [
          0.0,
          0.0,
          0.0,
          1.0
        ]
      ]
    },
    {
      "file_path": "./images/0037.jpg",
      "sharpness": 38.105151795111745,
      "transform_matrix": [
        [
          -0.9994111899155551,
          -0.022036701176671752,
          -0.02629937855312542,
          -0.12851057975954913
        ],
        [
          -0.018015792621647098,
          -0.31530152000932765,
          0.9488205218724513,
          3.4491330498177892
        ],
        [
          -0.029201108343898274,
          0.9487356509309357,
          0.31471885865624155,
          1.4344212080303524
        ],
        [
          0.0,
          0.0,
          0.0,
          1.0
        ]
      ]
    },
    {
      "file_path": "./images/0038.jpg",
      "sharpness": 41.40889736569251,
      "transform_matrix": [
        [
          -0.9969132639817354,
          0.039329823601974845,
          -0.06794931281607514,
          -0.3863938822361171
        ],
        [
          -0.07690798330253185,
          -0.3152186136587485,
          0.9458976624020609,
          3.408674681611746
        ],
        [
          0.01578310002284561,
          0.9482037706334094,
          0.3172703944272129,
          1.4482969238854586
        ],
        [
          0.0,
          0.0,
          0.0,
          1.0
        ]
      ]
    },
    {
      "file_path": "./images/0039.jpg",
      "sharpness": 33.819260915966964,
      "transform_matrix": [
        [
          -0.9894283303209467,
          0.09757294445207584,
          -0.1072897931245691,
          -0.6333556128320772
        ],
        [
          -0.13289987294196254,
          -0.3139434280449178,
          0.9400942228254063,
          3.395703636206971
        ],
        [
          0.058044835935703476,
          0.9444146571087342,
          0.3235919537459715,
          1.4940448182664343
        ],
        [
          0.0,
          0.0,
          0.0,
          1.0
        ]
      ]
    },
    {
      "file_path": "./images/0035.jpg",
      "sharpness": 34.89091785850523,
      "transform_matrix": [
        [
          -0.9826471106412903,
          -0.15005673117749363,
          0.10903042426820825,
          0.24384721719748614
        ],
        [
          0.14995786396238014,
          -0.2967404747499874,
          0.9431106667360312,
          3.511435488073359
        ],
        [
          -0.10916636392949502,
          0.9430949412133147,
          0.31409335700395413,
          1.4482476904289459
        ],
        [
          0.0,
          0.0,
          0.0,
          1.0
        ]
      ]
    },
    {
      "file_path": "./images/0040.jpg",
      "sharpness": 52.7457337313228,
      "transform_matrix": [
        [
          -0.9820668195271232,
          0.13341935670694677,
          -0.1332067463728554,
          -0.7636508568840004
        ],
        [
          -0.16881285703598964,
          -0.3076903979347807,
          0.9363913916458075,
          3.3672334218154765
        ],
        [
          0.08394630030024502,
          0.942085927257845,
          0.3246954332884484,
          1.4812655910538577
        ],
        [
          0.0,
          0.0,
          0.0,
          1.0
        ]
      ]
    },
    {
      "file_path": "./images/0041.jpg",
      "sharpness": 44.451507866678114,
      "transform_matrix": [
        [
          -0.9677950908499833,
          0.1798448557245974,
          -0.1761490563004185,
          -0.9328782590844942
        ],
        [
          -0.2244688147343223,
          -0.29974879206066424,
          0.9272348207979629,
          3.33189735472252
        ],
        [
          0.11395794572055606,
          0.9369132775177568,
          0.3304649710450889,
          1.500147674862876
        ],
        [
          0.0,
          0.0,
          0.0,
          1.0
        ]
      ]
    },
    {
      "file_path": "./images/0042.jpg",
      "sharpness": 36.21699206993197,
      "transform_matrix": [
        [
          -0.9441838313965409,
          0.23437963186616032,
          -0.23148019512495738,
          -1.070797459737934
        ],
        [
          -0.2947454916643515,
          -0.28726289490176604,
          0.9113754025573026,
          3.3011340341130215
        ],
        [
          0.14711216037923336,
          0.9287336633497845,
          0.3403113205569126,
          1.515518269071027
        ],
        [
          0.0,
          0.0,
          0.0,
          1.0
        ]
      ]
    },
    {
      "file_path": "./images/0044.jpg",
      "sharpness": 39.501634112092006,
      "transform_matrix": [
        [
          -0.9014892944557135,
          0.3074790383990777,
          -0.3045877426397439,
          -1.126679132889562
        ],
        [
          -0.3881800950466132,
          -0.2631993939350602,
          0.8832000299321261,
          3.274062376659348
        ],
        [
          0.19139818665473807,
          0.9144302707347065,
          0.35662867829028433,
          1.5313297417092822
        ],
        [
          0.0,
          0.0,
          0.0,
          1.0
        ]
      ]
    },
    {
      "file_path": "./images/0049.jpg",
      "sharpness": 33.3968608830193,
      "transform_matrix": [
        [
          -0.7463563602897472,
          0.4775729275786643,
          -0.46354749739205864,
          -1.577822542290139
        ],
        [
          -0.5963600065615079,
          -0.170669624556544,
          0.7843638325789727,
          3.1443465691443295
        ],
        [
          0.29547745446753326,
          0.8618561238128581,
          0.4121857540204511,
          1.537526630120789
        ],
        [
          0.0,
          0.0,
          0.0,
          1.0
        ]
      ]
    },
    {
      "file_path": "./images/0060.jpg",
      "sharpness": 8.307396685252955,
      "transform_matrix": [
        [
          -0.3802105058920092,
          0.6551228106696779,
          -0.652881363027817,
          -2.8111087277045286
        ],
        [
          -0.8009963044923128,
          0.11970272435401741,
          0.5865800695575781,
          2.5386281312092445
        ],
        [
          0.46243366168576966,
          0.7459794640498425,
          0.47923871695173664,
          1.8102604636222102
        ],
        [
          0.0,
          0.0,
          0.0,
          1.0
        ]
      ]
    },
    {
      "file_path": "./images/0043.jpg",
      "sharpness": 43.27583750715842,
      "transform_matrix": [
        [
          -0.924111490835205,
          0.27122491111483005,
          -0.2691746647374968,
          -1.1120989830224133
        ],
        [
          -0.3425454401882879,
          -0.27579245186481066,
          0.8981097621843876,
          3.2864391759016187
        ],
        [
          0.16935339965197904,
          0.9221581052859067,
          0.3477698304217454,
          1.520421758023477
        ],
        [
          0.0,
          0.0,
          0.0,
          1.0
        ]
      ]
    },
    {
      "file_path": "./images/0050.jpg",
      "sharpness": 46.80508246158553,
      "transform_matrix": [
        [
          -0.7129178184770282,
          0.5077342372330433,
          -0.48368804872437265,
          -1.7495960482211863
        ],
        [
          -0.6220560920867315,
          -0.13947800777278435,
          0.7704492868942172,
          3.1206359210435544
        ],
        [
          0.3237196355883965,
          0.8501481222383473,
          0.41527553245872,
          1.5218943667884426
        ],
        [
          0.0,
          0.0,
          0.0,
          1.0
        ]
      ]
    },
    {
      "file_path": "./images/0059.jpg",
      "sharpness": 13.495292955017085,
      "transform_matrix": [
        [
          -0.4208969036605305,
          0.6458947717639695,
          -0.6369189433015822,
          -2.6565250185227147
        ],
        [
          -0.7847339041495389,
          0.09293800137382846,
          0.6128256094592894,
          2.6595625043554936
        ],
        [
          0.45501483078040306,
          0.7577482905091418,
          0.4677382089054729,
          1.8070880674163003
        ],
        [
          0.0,
          0.0,
          0.0,
          1.0
        ]
      ]
    },
    {
      "file_path": "./images/0047.jpg",
      "sharpness": 36.46793073484514,
      "transform_matrix": [
        [
          -0.8269074491285933,
          0.399339210999496,
          -0.3959195185557283,
          -1.228540498576381
        ],
        [
          -0.5043296649721887,
          -0.2152073666103787,
          0.8362639406407256,
          3.2303894446558905
        ],
        [
          0.24874818526476922,
          0.8911868401026086,
          0.3793551850511043,
          1.5569788203015242
        ],
        [
          0.0,
          0.0,
          0.0,
          1.0
        ]
      ]
    },
    {
      "file_path": "./images/0048.jpg",
      "sharpness": 48.09948455758623,
      "transform_matrix": [
        [
          -0.791376368870013,
          0.4328055787008075,
          -0.4317438753231237,
          -1.3566985593729364
        ],
        [
          -0.5495854751360939,
          -0.19439234316341952,
          0.8125068753365465,
          3.189662322134161
        ],
        [
          0.26772980480790154,
          0.8802789035423142,
          0.39170116628063567,
          1.5570416010599255
        ],
        [
          0.0,
          0.0,
          0.0,
          1.0
        ]
      ]
    },
    {
      "file_path": "./images/0051.jpg",
      "sharpness": 45.94586587997249,
      "transform_matrix": [
        [
          -0.6815214877046952,
          0.530715185329963,
          -0.5038549929259595,
          -1.936309952408444
        ],
        [
          -0.6488737693756047,
          -0.11989355974977634,
          0.751390954016024,
          3.0995891998786287
        ],
        [
          0.3383656207162802,
          0.8390273693074368,
          0.42607719997680493,
          1.5723385288189382
        ],
        [
          0.0,
          0.0,
          0.0,
          1.0
        ]
      ]
    },
    {
      "file_path": "./images/0053.jpg",
      "sharpness": 44.34830720710282,
      "transform_matrix": [
        [
          -0.6278052128197078,
          0.5698277935939039,
          -0.530242303521476,
          -2.0951925925394947
        ],
        [
          -0.6812075716155431,
          -0.07264717781327679,
          0.7284769261683652,
          3.0608548304580756
        ],
        [
          0.3765857926145425,
          0.8185466836170736,
          0.4337792844409616,
          1.625562460838249
        ],
        [
          0.0,
          0.0,
          0.0,
          1.0
        ]
      ]
    },
    {
      "file_path": "./images/0058.jpg",
      "sharpness": 18.22140404583495,
      "transform_matrix": [
        [
          -0.445637360451379,
          0.6395822299531986,
          -0.6263720253471398,
          -2.547784977101978
        ],
        [
          -0.7757072422200619,
          0.07338142127704839,
          0.6268121260864337,
          2.7410141822518566
        ],
        [
          0.4468619668322232,
          0.7652122177539002,
          0.4634270648858787,
          1.7957023141264035
        ],
        [
          0.0,
          0.0,
          0.0,
          1.0
        ]
      ]
    },
    {
      "file_path": "./images/0052.jpg",
      "sharpness": 47.860938581244156,
      "transform_matrix": [
        [
          -0.6503140697419582,
          0.5554290439820274,
          -0.5182568743743967,
          -2.0403827817830846
        ],
        [
          -0.6674603760553192,
          -0.09199705341705361,
          0.7389405852901576,
          3.08653474449346
        ],
        [
          0.3627509574916554,
          0.8264593875807362,
          0.43055385678020297,
          1.6028806388520158
        ],
        [
          0.0,
          0.0,
          0.0,
          1.0
        ]
      ]
    },
    {
      "file_path": "./images/0046.jpg",
      "sharpness": 56.277533636294464,
      "transform_matrix": [
        [
          -0.8574778005663882,
          0.3635821775386814,
          -0.3640601897372421,
          -1.17265300270935
        ],
        [
          -0.46266953118003845,
          -0.23531220657141066,
          0.8547309929951215,
          3.258416633487856
        ],
        [
          0.2250971490710887,
          0.9013524092564276,
          0.36999338896451606,
          1.5712415210511466
        ],
        [
          0.0,
          0.0,
          0.0,
          1.0
        ]
      ]
    },
    {
      "file_path": "./images/0061.jpg",
      "sharpness": 12.777646483639138,
      "transform_matrix": [
        [
          -0.3373054909662757,
          0.6618334494717677,
          -0.6694785216597748,
          -3.028355674626677
        ],
        [
          -0.8149829614848706,
          0.15066180217685193,
          0.5595567834317287,
          2.440867357665006
        ],
        [
          0.4711982367459041,
          0.7343551637917454,
          0.48856393150712174,
          1.8809329876402274
        ],
        [
          0.0,
          0.0,
          0.0,
          1.0
        ]
      ]
    },
    {
      "file_path": "./images/0062.jpg",
      "sharpness": 11.021430120392788,
      "transform_matrix": [
        [
          -0.30659553796714295,
          0.6670819617794292,
          -0.6789704208627965,
          -3.1146372864284224
        ],
        [
          -0.8196097488128855,
          0.17768187350972564,
          0.5446733071367105,
          2.361264732076271
        ],
        [
          0.48398247469023503,
          0.7234851817126585,
          0.49227040953592094,
          1.8947750194744633
        ],
        [
          0.0,
          0.0,
          0.0,
          1.0
        ]
      ]
    },
    {
      "file_path": "./images/0054.jpg",
      "sharpness": 46.32317163588796,
      "transform_matrix": [
        [
          -0.5964490321739255,
          0.5867156916728302,
          -0.5477346521839905,
          -2.164267476731371
        ],
        [
          -0.7013168516713185,
          -0.049039599312715065,
          0.7111608758159909,
          3.0189425063338517
        ],
        [
          0.39038855727224225,
          0.8083067579213701,
          0.4407232232584153,
          1.6798898090640297
        ],
        [
          0.0,
          0.0,
          0.0,
          1.0
        ]
      ]
    },
    {
      "file_path": "./images/0057.jpg",
      "sharpness": 28.942690507884073,
      "transform_matrix": [
        [
          -0.4837612119455663,
          0.6305064951321905,
          -0.6069898264819056,
          -2.4018479894478246
        ],
        [
          -0.7586570084522966,
          0.04369308573783659,
          0.6500234286663878,
          2.839458510823856
        ],
        [
          0.4363652522927219,
          0.7749532075644057,
          0.4572011512965535,
          1.7792662183982304
        ],
        [
          0.0,
          0.0,
          0.0,
          1.0
        ]
      ]
    },
    {
      "file_path": "./images/0045.jpg",
      "sharpness": 66.6154122829861,
      "transform_matrix": [
        [
          -0.8754397838937111,
          0.34028302190305204,
          -0.3432384736886522,
          -1.1712551383462528
        ],
        [
          -0.43540625245513676,
          -0.24693926067588673,
          0.8657034116197699,
          3.24594976006159
        ],
        [
          0.2098251180495614,
          0.9073193851116573,
          0.36434180834188856,
          1.5623735084475823
        ],
        [
          0.0,
          0.0,
          0.0,
          1.0
        ]
      ]
    },
    {
      "file_path": "./images/0063.jpg",
      "sharpness": 14.48837672026835,
      "transform_matrix": [
        [
          -0.27674502737674384,
          0.6719576963990541,
          -0.6869388940158929,
          -3.211103035904143
        ],
        [
          -0.8243005902485079,
          0.20142017370750093,
          0.5291110002351966,
          2.3380954677531496
        ],
        [
          0.4939035602165618,
          0.7126729740473838,
          0.4981530942768576,
          1.9444272643010672
        ],
        [
          0.0,
          0.0,
          0.0,
          1.0
        ]
      ]
    },
    {
      "file_path": "./images/0056.jpg",
      "sharpness": 29.5556145060963,
      "transform_matrix": [
        [
          -0.5193942960659994,
          0.6188424910016367,
          -0.5892907063448825,
          -2.2990956578593527
        ],
        [
          -0.7413399671181826,
          0.01667727871721575,
          0.6709224407918465,
          2.9334506049473212
        ],
        [
          0.42502307988370275,
          0.7853380417147295,
          0.4501105884908633,
          1.7605648990184388
        ],
        [
          0.0,
          0.0,
          0.0,
          1.0
        ]
      ]
    },
    {
      "file_path": "./images/0065.jpg",
      "sharpness": 10.0838157972536,
      "transform_matrix": [
        [
          -0.2257557511345896,
          0.6759235480350898,
          -0.7015423708378338,
          -3.2122330150370013
        ],
        [
          -0.8323353263234369,
          0.24037196259518034,
          0.49943890935978136,
          2.2584475361491547
        ],
        [
          0.5062136361632048,
