{
  "camera_angle_x": 0.6577677855807591,
  "camera_angle_y": 1.098331909402918,
  "fl_x": 1054.8576030055658,
  "fl_y": 1045.8229989726462,
  "k1": 0.09026390665404226,
  "k2": -0.14035962371475652,
  "k3": 0,
  "k4": 0,
  "p1": -0.0011874958745663668,
  "p2": 0.0028621657181197835,
  "is_fisheye": false,
  "cx": 363.25870596631376,
  "cy": 646.9726559078259,
  "w": 720.0,
  "h": 1280.0,
  "aabb_scale": 16,
  "frames": [
    {
      "file_path": "./images/0026.jpg",
      "sharpness": 59.223234591984465,
      "transform_matrix": [
        [
          0.32747516710641283,
          -0.15381266457251735,
          0.9322562304197773,
          4.1515728993750844
        ],
        [
          0.9425818077897261,
          -0.01529106420402375,
          -0.3336251174288601,
          -1.167431123060383
        ],
        [
          0.06557095815400195,
          0.9879817040732222,
          0.13997357562827056,
          0.2705443165156316
        ],
        [
          0.0,
          0.0,
          0.0,
          1.0
        ]
      ]
    },
    {
      "file_path": "./images/0032.jpg",
      "sharpness": 62.10373112758003,
      "transform_matrix": [
        [
          0.4476930340592686,
          -0.15775812023650013,
          0.8801609641224816,
          3.567890960954743
        ],
        [
          0.8928891256582172,
          0.02584948880132761,
          -0.4495339956110941,
          -1.6764305356665596
        ],
        [
          0.0481659271445595,
          0.9871393921017328,
          0.1524331461137999,
          0.22843790355613477
        ],
        [
          0.0,
          0.0,
          0.0,
          1.0
        ]
      ]
    },
    {
      "file_path": "./images/0018.jpg",
      "sharpness": 65.40108045363135,
      "transform_matrix": [
        [
          0.1925701432432289,
          -0.11971340060645973,
          0.9739535110349381,
          4.415088889158739
        ],
        [
          0.977895939869145,
          -0.0589851819015138,
          -0.20059979836367622,
          -0.9781027464122343
        ],
        [
          0.08146330903509967,
          0.9910547159678206,
          0.10570846347298296,
          0.2263933480875147
        ],
        [
          0.0,
          0.0,
          0.0,
          1.0
        ]
      ]
    },
    {
      "file_path": "./images/0028.jpg",
      "sharpness": 45.84265762114234,
      "transform_matrix": [
        [
          0.3777841302730381,
          -0.1604693388913129,
          0.9118819782188884,
          4.0299384882866045
        ],
        [
          0.9237638096314372,
          -0.0014395473660639433,
          -0.3829599870987247,
          -1.2568073041862668
        ],
        [
          0.06276603325146421,
          0.9870397757891972,
          0.147691929673602,
          0.2543260241076454
        ],
        [
          0.0,
          0.0,
          0.0,
          1.0
        ]
      ]
    },
    {
      "file_path": "./images/0019.jpg",
      "sharpness": 66.72665878035814,
      "transform_matrix": [
        [
          0.20723238359238227,
          -0.12968193863836766,
          0.9696583594196352,
          4.390114563200172
        ],
        [
          0.9749978521881508,
          -0.053889945162231265,
          -0.21558075526114345,
          -1.039366606580601
        ],
        [
          0.08021176609061183,
          0.9900901315598433,
          0.11527186985237206,
          0.22438187695837344
        ],
        [
          0.0,
          0.0,
          0.0,
          1.0
        ]
      ]
    },
    {
      "file_path": "./images/0021.jpg",
      "sharpness": 64.84817134037255,
      "transform_matrix": [
        [
          0.23845559794977972,
          -0.13716896820517427,
          0.9614174961891969,
          4.352269880871542
        ],
        [
          0.9681998589249123,
          -0.043572240499818116,
          -0.2463544053506383,
          -1.108336559538882
        ],
        [
          0.07568329395943497,
          0.9895888712137719,
          0.12241693100272971,
          0.24356870407876136
        ],
        [
          0.0,
          0.0,
          0.0,
          1.0
        ]
      ]
    },
    {
      "file_path": "./images/0030.jpg",
      "sharpness": 46.39654620313173,
      "transform_matrix": [
        [
          0.4166607808792506,
          -0.15919788390276027,
          0.8950138699756226,
          3.79915633327589
        ],
        [
          0.9073525842081347,
          0.012479500056541385,
          -0.4201851377776456,
          -1.420628084034256
        ],
        [
          0.055723259140624815,
          0.9871678154447942,
          0.14964832959817734,
          0.2330990165520852
        ],
        [
          0.0,
          0.0,
          0.0,
          1.0
        ]
      ]
    },
    {
      "file_path": "./images/0027.jpg",
      "sharpness": 44.5323802013821,
      "transform_matrix": [
        [
          0.3485504803929063,
          -0.16035266327844236,
          0.923471486299468,
          4.099090586774907
        ],
        [
          0.935123671496936,
          -0.00745570324220387,
          -0.35424304015084773,
          -1.205810230386591
        ],
        [
          0.06368894429052639,
          0.9870316286115127,
          0.1473508822725118,
          0.265001906669924
        ],
        [
          0.0,
          0.0,
          0.0,
          1.0
        ]
      ]
    },
    {
      "file_path": "./images/0031.jpg",
      "sharpness": 87.43986002491022,
      "transform_matrix": [
        [
          0.43221603856901003,
          -0.15787399242091277,
          0.8878429469965722,
          3.6797050931892197
        ],
        [
          0.9002942976035977,
          0.019240353402667276,
          -0.4348562825847708,
          -1.5388238652431938
        ],
        [
          0.05157008539469479,
          0.9872718021542226,
          0.15044904444482995,
          0.21862195688302513
        ],
        [
          0.0,
          0.0,
          0.0,
          1.0
        ]
      ]
    },
    {
      "file_path": "./images/0022.jpg",
      "sharpness": 87.44842541446921,
      "transform_matrix": [
        [
          0.2603091895592849,
          -0.1398457626539787,
          0.9553440681291109,
          4.328898370314187
        ],
        [
          0.9626292235007896,
          -0.03898907439936212,
          -0.268001548763825,
          -1.1204192983760284
        ],
        [
          0.07472686192859974,
          0.9894053844385557,
          0.12447040355491057,
          0.25919892364080455
        ],
        [
          0.0,
          0.0,
          0.0,
          1.0
        ]
      ]
    },
    {
      "file_path": "./images/0029.jpg",
      "sharpness": 50.91626293752695,
      "transform_matrix": [
        [
          0.3994637695009024,
          -0.1593783541019418,
          0.90278858937774,
          3.9239688036295726
        ],
        [
          0.9148059191785647,
          0.0052178740921359655,
          -0.4038600054794738,
          -1.326709655202088
        ],
        [
          0.05965590576972963,
          0.9872037854691091,
          0.1478846133750193,
          0.24283934527184414
        ],
        [
          0.0,
          0.0,
          0.0,
          1.0
        ]
      ]
    },
    {
      "file_path": "./images/0023.jpg",
      "sharpness": 104.82989788343176,
      "transform_matrix": [
        [
          0.2794067098916181,
          -0.14257193598409038,
          0.9495289008492861,
          4.298811918305319
        ],
        [
          0.9573914409692064,
          -0.03384932798883467,
          -0.28680280987757323,
          -1.1255875926801036
        ],
        [
          0.07303094704964777,
          0.9892054721215688,
          0.12703942186817516,
          0.26864843615971157
        ],
        [
          0.0,
          0.0,
          0.0,
          1.0
        ]
      ]
    },
    {
      "file_path": "./images/0003.jpg",
      "sharpness": 154.46655980597487,
      "transform_matrix": [
        [
          0.08238355866339986,
          -0.08576887112395656,
          0.992903142314919,
          4.608706152788208
        ],
        [
          0.9927044600906064,
          -0.08094886292977908,
          -0.08935959101659915,
          -0.46867911785897043
        ],
        [
          0.08803865161538946,
          0.9930211389226519,
          0.07847428550377708,
          0.2708114880726683
        ],
        [
          0.0,
          0.0,
          0.0,
          1.0
        ]
      ]
    },
    {
      "file_path": "./images/0014.jpg",
      "sharpness": 80.87656732627958,
      "transform_matrix": [
        [
          0.14316755094853606,
          -0.10156013347907986,
          0.9844737638220096,
          4.548144893712707
        ],
        [
          0.985972110660758,
          -0.0716016644978961,
          -0.1507720088092011,
          -0.6382543342069145
        ],
        [
          0.08580238548373598,
          0.9922493340585318,
          0.08988442421535409,
          0.2426098852404513
        ],
        [
          0.0,
          0.0,
          0.0,
          1.0
        ]
      ]
    },
    {
      "file_path": "./images/0001.jpg",
      "sharpness": 168.70223925340323,
      "transform_matrix": [
        [
          0.08364995051255558,
          -0.08661205933455046,
          0.9927240487506279,
          4.596580838229805
        ],
        [
          0.9926111987726567,
          -0.08062902447494631,
          -0.09067507090368983,
          -0.4860463806140198
        ],
        [
          0.08789592624485713,
          0.9929739732746223,
          0.07922748613703164,
          0.27170603140965144
        ],
        [
          0.0,
          0.0,
          0.0,
          1.0
        ]
      ]
    },
    {
      "file_path": "./images/0024.jpg",
      "sharpness": 115.30770941402176,
      "transform_matrix": [
        [
          0.2955078014704636,
          -0.14526362517036787,
          0.94423176100109,
          4.253199722645009
        ],
        [
          0.9526947678204037,
          -0.028695747724078437,
          -0.30257103865083235,
          -1.1291768007522616
        ],
        [
          0.07104800235273301,
          0.988976760735927,
          0.1299120783329403,
          0.2731150038112744
        ],
        [
          0.0,
          0.0,
          0.0,
          1.0
        ]
      ]
    },
    {
      "file_path": "./images/0002.jpg",
      "sharpness": 168.70223925340323,
      "transform_matrix": [
        [
          0.08364995051255558,
          -0.08661205933455046,
          0.9927240487506279,
          4.596580838229805
        ],
        [
          0.9926111987726567,
          -0.08062902447494631,
          -0.09067507090368983,
          -0.4860463806140198
        ],
        [
          0.08789592624485713,
          0.9929739732746223,
          0.07922748613703164,
          0.27170603140965144
        ],
        [
          0.0,
          0.0,
          0.0,
          1.0
        ]
      ]
    },
    {
      "file_path": "./images/0015.jpg",
      "sharpness": 83.7682214120182,
      "transform_matrix": [
        [
          0.15769032652545484,
          -0.10549102977091919,
          0.9818377684571573,
          4.507784814795927
        ],
        [
          0.9837695925395378,
          -0.06942854769633129,
          -0.1654601630587575,
          -0.7278179300138441
        ],
        [
          0.08562213332451976,
          0.9919936085547174,
          0.09283065701789078,
          0.2342419537557683
        ],
        [
          0.0,
          0.0,
          0.0,
          1.0
        ]
      ]
    },
    {
      "file_path": "./images/0016.jpg",
      "sharpness": 94.63515175543424,
      "transform_matrix": [
        [
          0.1689993216991444,
          -0.10969857709126209,
          0.9794924458412865,
          4.472326455086099
        ],
        [
          0.981999795543783,
          -0.06631297022123983,
          -0.1768586767237223,
          -0.8184572867093393
        ],
        [
          0.08435419857583847,
          0.9917503779557405,
          0.09651713328781816,
          0.22907993041190067
        ],
        [
          0.0,
          0.0,
          0.0,
          1.0
        ]
      ]
    },
    {
      "file_path": "./images/0033.jpg",
      "sharpness": 101.60977207189012,
      "transform_matrix": [
        [
          0.4664207684160581,
          -0.15603425524628403,
          0.8706922406859241,
          3.483882946333999
        ],
        [
          0.8834339056039169,
          0.032452702520149486,
          -0.46743059006510135,
          -1.8209693517791994
        ],
        [
          0.04467886772655648,
          0.9872183817675276,
          0.152982565966849,
          0.2549843676595337
        ],
        [
          0.0,
          0.0,
          0.0,
          1.0
        ]
      ]
    },
    {
      "file_path": "./images/0013.jpg",
      "sharpness": 90.57640949413042,
      "transform_matrix": [
        [
          0.1274250874349161,
          -0.09869461685045253,
          0.9869256404145706,
          4.584271186432143
        ],
        [
          0.9881082343763695,
          -0.07369703859591131,
          -0.134947633028026,
          -0.5589114748122744
        ],
        [
          0.08605210194950359,
          0.9923850659485407,
          0.08813011201177452,
          0.25078463206003515
        ],
        [
          0.0,
          0.0,
          0.0,
          1.0
        ]
      ]
    },
    {
      "file_path": "./images/0005.jpg",
      "sharpness": 154.83002479315854,
      "transform_matrix": [
        [
          0.08274443045091354,
          -0.08556381687963904,
          0.9928908260635233,
          4.636559853382398
        ],
        [
          0.9926455898736734,
          -0.08126374168076832,
          -0.08972701484195719,
          -0.4284452288085967
        ],
        [
          0.08836340947352468,
          0.9930131104571434,
          0.0782104234566469,
          0.27263616029193466
        ],
        [
          0.0,
          0.0,
          0.0,
          1.0
        ]
      ]
    },
    {
      "file_path": "./images/0004.jpg",
      "sharpness": 164.2205713731554,
      "transform_matrix": [
        [
          0.08215832219345351,
          -0.08578214143309805,
          0.9929206586209558,
          4.6230399713512496
        ],
        [
          0.9927011661986086,
          -0.0812128288229788,
          -0.08915644150902936,
          -0.45017079298377277
        ],
        [
          0.08828592595858234,
          0.992998439402834,
          0.07848372208297028,
          0.2727086306069268
        ],
        [
          0.0,
          0.0,
          0.0,
          1.0
        ]
      ]
    },
    {
      "file_path": "./images/0017.jpg",
      "sharpness": 124.3411731592814,
      "transform_matrix": [
        [
          0.18018135301838173,
          -0.1133059568923222,
          0.9770856872188561,
          4.444598115199129
        ],
        [
          0.9801308495435676,
          -0.06307218374737249,
          -0.18805695257129684,
          -0.9069312695645237
        ],
        [
          0.08293490096254025,
          0.9915561808494882,
          0.09969023238179298,
          0.22840659852444153
        ],
        [
          0.0,
          0.0,
          0.0,
          1.0
        ]
      ]
    },
    {
      "file_path": "./images/0006.jpg",
      "sharpness": 166.17138442916755,
      "transform_matrix": [
        [
          0.084524549773172,
          -0.08649069263517078,
          0.9926605465031311,
          4.650245344193418
        ],
        [
          0.9925035927364717,
          -0.0809482088563852,
          -0.09156421729146821,
          -0.4107209456599022
        ],
        [
          0.08827354581596532,
          0.9929585830140015,
          0.07900021227014223,
          0.27744708355140324
        ],
        [
          0.0,
          0.0,
          0.0,
          1.0
        ]
      ]
    },
    {
      "file_path": "./images/0034.jpg",
      "sharpness": 106.228431023374,
      "transform_matrix": [
        [
          0.48426866808242336,
          -0.1522057175489078,
          0.8615783636268158,
          3.4080965450444998
        ],
        [
          0.8739301086156888,
          0.0373357977675749,
          -0.4846155212744323,
          -1.9254090604880636
        ],
        [
          0.04159353760562404,
          0.9876433859249494,
          0.15109771632614405,
          0.2738235701590557
        ],
        [
          0.0,
          0.0,
          0.0,
          1.0
        ]
      ]
    },
    {
      "file_path": "./images/0020.jpg",
      "sharpness": 133.7464837051909,
      "transform_matrix": [
        [
          0.22190738335185634,
          -0.13411173223352424,
          0.9658007851011613,
          4.371941939292245
        ],
        [
          0.9719427623559668,
          -0.048813122949836946,
          -0.23009681816965039,
          -1.0821757867804778
        ],
        [
          0.0780024353343461,
          0.9897632657943994,
          0.11951693510436454,
          0.2267064274704707
        ],
        [
          0.0,
          0.0,
          0.0,
          1.0
        ]
      ]
    },
    {
      "file_path": "./images/0025.jpg",
      "sharpness": 109.73752695402807,
      "transform_matrix": [
        [
          0.3112146751736677,
          -0.1466197097623511,
          0.9389611742114348,
          4.203526491846021
        ],
        [
          0.9478671854838538,
          -0.023334166443287147,
          -0.31781018762678925,
          -1.142168624922951
        ],
        [
          0.06850711379219214,
          0.988917679787561,
          0.13171407659880338,
          0.27077069220993333
        ],
        [
          0.0,
          0.0,
          0.0,
          1.0
        ]
      ]
    },
    {
      "file_path": "./images/0007.jpg",
      "sharpness": 158.7017163498443,
      "transform_matrix": [
        [
          0.08723917159370881,
          -0.08739944227755438,
          0.9923460406733027,
          4.660437658728507
        ],
        [
          0.992242877077526,
          -0.08093557826916545,
          -0.0943583862685796,
          -0.39778466764605236
        ],
        [
          0.08856297097909441,
          0.9928800379051593,
          0.07966072125979189,
          0.2795672538732675
        ],
        [
          0.0,
          0.0,
          0.0,
          1.0
        ]
      ]
    },
    {
      "file_path": "./images/0011.jpg",
      "sharpness": 152.20114580319247,
      "transform_matrix": [
        [
          0.10731152404792824,
          -0.09330208820973078,
          0.9898378438678623,
          4.637842191117584
        ],
        [
          0.9903892752966614,
          -0.07734214048272577,
          -0.11466157457040688,
          -0.444587954951033
        ],
        [
          0.0872543419203813,
          0.9926292931663876,
          0.08410568455737012,
          0.26830150588357127
        ],
        [
          0.0,
          0.0,
          0.0,
          1.0
        ]
      ]
    },
    {
      "file_path": "./images/0039.jpg",
      "sharpness": 53.95117395803191,
      "transform_matrix": [
        [
          0.57920598048257,
          -0.13467056917739706,
          0.8039802671592287,
          3.2059143275355266
        ],
        [
          0.8147733969020747,
          0.06444531723128182,
          -0.5761866995928264,
          -2.1136441964946386
        ],
        [
          0.025782627421844593,
          0.9887925155942415,
          0.14705311026585846,
          0.2723181259717026
        ],
        [
          0.0,
          0.0,
          0.0,
          1.0
        ]
      ]
    },
    {
      "file_path": "./images/0010.jpg",
      "sharpness": 160.10967584211565,
      "transform_matrix": [
        [
          0.1007693671259718,
          -0.09131008589120006,
          0.9907108573515973,
          4.654108075717709
        ],
        [
          0.9910384463256268,
          -0.078547441339995,
          -0.10804210921436436,
          -0.4105156352542676
        ],
        [
          0.08768313722495077,
          0.9927198837961434,
          0.08257662970227869,
          0.2754224297402544
        ],
        [
          0.0,
          0.0,
          0.0,
          1.0
        ]
      ]
    },
    {
      "file_path": "./images/0008.jpg",
      "sharpness": 167.49141401048817,
      "transform_matrix": [
        [
          0.09096215279316365,
          -0.0887226202113512,
          0.9918942400441841,
          4.665152913950105
        ],
        [
          0.9919117320376957,
          -0.08046996203918419,
          -0.09816160683001929,
          -0.39285995486653447
        ],
        [
          0.08852684680535672,
          0.9928005247193354,
          0.08068528690249566,
          0.2818389493584886
        ],
        [
          0.0,
          0.0,
          0.0,
          1.0
        ]
      ]
    },
    {
      "file_path": "./images/0012.jpg",
      "sharpness": 156.6520520316231,
      "transform_matrix": [
        [
          0.11604179477030249,
          -0.09609159092317585,
          0.9885852052459129,
          4.617310682082051
        ],
        [
          0.9894502274646547,
          -0.07572934005279051,
          -0.12350430933927964,
          -0.49238097932939673
        ],
        [
          0.08673263074950485,
          0.9924875179163578,
          0.08629007795988047,
          0.2589756859372955
        ],
        [
          0.0,
          0.0,
          0.0,
          1.0
        ]
      ]
    },
    {
      "file_path": "./images/0044.jpg",
      "sharpness": 61.25369384449028,
      "transform_matrix": [
        [
          0.6916558356454774,
          -0.11029085882063051,
          0.7137563530287684,
          2.8975353166569815
        ],
        [
          0.7220864519657864,
          0.08608818960355946,
          -0.6864255090673018,
          -2.518381455068254
        ],
        [
          0.014260466661135417,
          0.9901640016088997,
          0.13918293364950476,
          0.19626589228391808
        ],
        [
          0.0,
          0.0,
          0.0,
          1.0
        ]
      ]
    },
    {
      "file_path": "./images/0009.jpg",
      "sharpness": 159.48940096329585,
      "transform_matrix": [
        [
          0.09524854508362644,
          -0.08995564208317275,
          0.9913807024184103,
          4.662651992488132
        ],
        [
          0.9915431199565762,
          -0.0796141835388408,
          -0.10248816051760767,
          -0.3942794477117941
        ],
        [
          0.0881473534844889,
          0.992758562918292,
          0.08161176285875078,
          0.2799506244391793
        ],
        [
          0.0,
          0.0,
          0.0,
          1.0
        ]
      ]
    },
    {
      "file_path": "./images/0035.jpg",
      "sharpness": 93.80581088218692,
      "transform_matrix": [
        [
          0.5017780285140747,
          -0.14859592944937988,
          0.8521373480034584,
          3.343421422509261
        ],
        [
          0.8641655851094279,
          0.0429491231982768,
          -0.5013713337727239,
          -1.9974128669828388
        ],
        [
          0.037903187399979714,
          0.9879648893449545,
          0.14996241468234203,
          0.28320066657735216
        ],
        [
          0.0,
          0.0,
          0.0,
          1.0
        ]
      ]
    },
    {
      "file_path": "./images/0045.jpg",
      "sharpness": 61.58649803127592,
      "transform_matrix": [
        [
          0.7100907476030116,
          -0.10409194208395685,
          0.6963734614217794,
          2.789631712516724
        ],
        [
          0.7040226083435737,
          0.08936615550382564,
          -0.704532367738799,
          -2.667673640331171
        ],
        [
          0.011103923376783995,
          0.9905445764095675,
          0.136741160745614,
          0.1863075857880513
        ],
        [
          0.0,
          0.0,
          0.0,
          1.0
        ]
      ]
    },
    {
      "file_path": "./images/0041.jpg",
      "sharpness": 54.68665897821379,
      "transform_matrix": [
        [
          0.6323734470858846,
          -0.12773231119364553,
          0.7640603903544596,
          3.1245435267971664
        ],
        [
          0.7742873065240445,
          0.07347778694232829,
          -0.6285540404625991,
          -2.197461644087704
        ],
        [
          0.02414519372485479,
          0.9890831469163592,
          0.1453669086031812,
          0.26632155032689053
        ],
        [
          0.0,
          0.0,
          0.0,
          1.0
        ]
      ]
    },
    {
      "file_path": "./images/0046.jpg",
      "sharpness": 78.7364429418199,
      "transform_matrix": [
        [
          0.7285313484006952,
          -0.09803446197325974,
          0.6779611483513213,
          2.697095777619509
        ],
        [
          0.6849617382171689,
          0.09221078800002637,
          -0.7227202693677476,
          -2.8117018147409634
        ],
        [
          0.008336161041758362,
          0.9909018189774277,
          0.1343283051971388,
          0.1990132151759808
        ],
        [
          0.0,
          0.0,
          0.0,
          1.0
        ]
      ]
    },
    {
      "file_path": "./images/0040.jpg",
      "sharpness": 66.41013692694654,
      "transform_matrix": [
        [
          0.6063589077337375,
          -0.13153898974626926,
          0.784236169275075,
          3.17177745406024
        ],
        [
          0.7947914965194974,
          0.0689907356872678,
          -0.6029483853943784,
          -2.1499649268586207
        ],
        [
          0.025206191213068663,
          0.9889073629904106,
          0.14637921764617878,
          0.2699775323237927
        ],
        [
          0.0,
          0.0,
          0.0,
          1.0
        ]
      ]
    },
    {
      "file_path": "./images/0036.jpg",
      "sharpness": 96.90921367863787,
      "transform_matrix": [
        [
          0.519959789740719,
          -0.14542957100350964,
          0.8417197021225573,
          3.294046189760383
        ],
        [
          0.8534862122750081,
          0.04843859451547925,
          -0.518859314282673,
          -2.0470445096445165
        ],
        [
          0.03468576814049978,
          0.9881821403212616,
          0.1493082551281693,
          0.27944970652326206
        ],
        [
          0.0,
          0.0,
          0.0,
          1.0
        ]
      ]
    },
    {
      "file_path": "./images/0048.jpg",
      "sharpness": 65.84225340778566,
      "transform_matrix": [
        [
          0.7686977572306825,
          -0.08598835547399641,
          0.633805775267282,
          2.5398698132634054
        ],
        [
          0.6395959687205274,
          0.09628176283616396,
          -0.7626577338109616,
          -3.018475774301932
        ],
        [
          0.004555746981454015,
          0.991632908327863,
          0.12900938067245146,
          0.240217419084913
        ],
        [
          0.0,
          0.0,
          0.0,
          1.0
        ]
      ]
    },
    {
      "file_path": "./images/0042.jpg",
      "sharpness": 70.3560345957014,
      "transform_matrix": [
        [
          0.6539359691912334,
          -0.12265422145455865,
          0.7465411510212024,
          3.068266066839894
        ],
        [
          0.7562511121182276,
          0.07824628240270932,
          -0.6495858486067565,
          -2.2747728135944154
        ],
        [
          0.02126037680071176,
          0.9893601271833756,
          0.14392544989963202,
          0.25659004373836797
        ],
        [
          0.0,
          0.0,
          0.0,
          1.0
        ]
      ]
    },
    {
      "file_path": "./images/0057.jpg",
      "sharpness": 68.24778428727137,
      "transform_matrix": [
        [
          0.917212590854901,
          -0.02488226317920034,
          0.3976203417420756,
          1.6954150318697225
        ],
        [
          0.39811366751156463,
          0.09495254894657144,
          -0.9124086371736628,
          -3.5119417281196874
        ],
        [
          -0.015052273124286308,
          0.9951707825485843,
          0.09699764247782103,
          0.1660056549946535
        ],
        [
          0.0,
          0.0,
          0.0,
          1.0
        ]
      ]
    },
    {
      "file_path": "./images/0047.jpg",
      "sharpness": 77.53666767153207,
      "transform_matrix": [
        [
          0.7477367260520414,
          -0.0921938604140134,
          0.6575637464350508,
          2.612402546412579
        ],
        [
          0.6639665054517464,
          0.0945903309226428,
          -0.7417554508961843,
          -2.9336337293266355
        ],
        [
          0.00618612612323214,
          0.9912380952166077,
          0.13194229968347462,
          0.22093641042538856
        ],
        [
          0.0,
          0.0,
          0.0,
          1.0
        ]
      ]
    },
    {
      "file_path": "./images/0043.jpg",
      "sharpness": 66.46677186397858,
      "transform_matrix": [
        [
          0.6727128605742346,
          -0.11675468801594516,
          0.730633800241334,
          2.9921353291993573
        ],
        [
          0.7396872115455304,
          0.0822383514621696,
          -0.6679069415905506,
          -2.379907078361557
        ],
        [
          0.0178951473347014,
          0.9897500676361939,
          0.1416847462744082,
          0.2308347857772362
        ],
        [
          0.0,
          0.0,
          0.0,
          1.0
        ]
      ]
    },
    {
      "file_path": "./images/0038.jpg",
      "sharpness": 107.9214645016035,
      "transform_matrix": [
        [
          0.5568607556359658,
          -0.13817869577120212,
          0.8190315908915081,
          3.2361079187906134
        ],
        [
          0.8301197561002365,
          0.058853844065214114,
          -0.554470391969573,
          -2.0904828294257363
        ],
        [
          0.028412838071289755,
          0.9886571059191941,
          0.1474782613100755,
          0.275506207074644
        ],
        [
          0.0,
          0.0,
          0.0,
          1.0
        ]
      ]
    },
    {
      "file_path": "./images/0037.jpg",
      "sharpness": 92.31137729955489,
      "transform_matrix": [
        [
          0.5385463961411852,
          -0.14186487832393935,
          0.8305673576009591,
          3.262450566889424
        ],
        [
          0.8420090145715714,
          0.053827076132736955,
          -0.5367713342339288,
          -2.069593215331147
        ],
        [
          0.03144198762792186,
          0.9884214699124757,
          0.14843988426595872,
          0.2729247117948103
        ],
        [
          0.0,
          0.0,
          0.0,
          1.0
        ]
      ]
    },
    {
      "file_path": "./images/0054.jpg",
      "sharpness": 57.01402510843159,
      "transform_matrix": [
        [
          0.8787000690683362,
          -0.04395044082378585,
          0.4753467654054878,
          2.126515199846458
        ],
        [
          0.4773046701584082,
          0.0978898778165097,
          -0.8732684717004862,
          -3.2705924473319374
        ],
        [
          -0.0081511024972662,
          0.9942262974711502,
          0.1069935930591718,
          0.22729568166177982
        ],
        [
          0.0,
          0.0,
          0.0,
          1.0
        ]
      ]
    },
    {
      "file_path": "./images/0049.jpg",
      "sharpness": 84.02419586179755,
      "transform_matrix": [
        [
          0.7880070522236047,
          -0.07955253503835863,
          0.6105049384121307,
          2.476563378945654
        ],
        [
          0.6156605134356022,
          0.0975536145231341,
          -0.7819497582899705,
          -3.073451115774296
        ],
        [
          0.002649122118272139,
          0.9920457078548232,
          0.12585029078095236,
          0.25342892069504824
        ],
        [
          0.0,
          0.0,
          0.0,
          1.0
        ]
      ]
    },
    {
      "file_path": "./images/0061.jpg",
      "sharpness": 62.24134806555174,
      "transform_matrix": [
        [
          0.945121347916512,
          -0.011768416998236698,
          0.3265074916209348,
          1.3422871040758106
        ],
        [
          0.32625293146215684,
          0.08738368164965885,
          -0.9412348893309049,
          -3.75929163166071
        ],
        [
          -0.017454582033097202,
          0.9961052135961598,
          0.08642766353097674,
          0.18756865385885046
        ],
        [
          0.0,
          0.0,
          0.0,
          1.0
        ]
      ]
    },
    {
      "file_path": "./images/0058.jpg",
      "sharpness": 90.55601396795086,
      "transform_matrix": [
        [
          0.9253275269639516,
          -0.021039609605241438,
          0.37858460439008923,
          1.5751248400566205
        ],
        [
          0.3788092580759369,
          0.0947668453451996,
          -0.9206100102754359,
          -3.6015842490477006
        ],
        [
          -0.016507993439436708,
          0.9952771372144088,
          0.09566036954621766,
          0.1783869240351278
        ],
        [
          0.0,
          0.0,
          0.0,
          1.0
        ]
      ]
    },
    {
      "file_path": "./images/0056.jpg",
      "sharpness": 50.617520629840435,
      "transform_matrix": [
        [
          0.9068596124625751,
          -0.030376962932682116,
          0.42033663106845487,
          1.843260668083582
        ],
        [
          0.4212350040179568,
          0.09589410828544018,
          -0.9018677238853781,
          -3.421803656270162
        ],
        [
          -0.012911803997367043,
          0.9949279170522141,
          0.09975833398018019,
          0.16724361258886358
        ],
        [
          0.0,
          0.0,
          0.0,
          1.0
        ]
      ]
    },
    {
      "file_path": "./images/0062.jpg",
      "sharpness": 62.14879060075431,
      "transform_matrix": [
        [
          0.9510615286417904,
          -0.009078858785159946,
          0.3088681645483455,
          1.2757001439507445
        ],
        [
          0.3084910364631199,
          0.08533251043988127,
          -0.9473920218600103,
          -3.7909565560203577
        ],
        [
          -0.017755257495214498,
          0.9963111647451987,
          0.0839572143783313,
          0.18311337502552555
        ],
        [
          0.0,
          0.0,
          0.0,
          1.0
        ]
      ]
    },
    {
      "file_path": "./images/0070.jpg",
      "sharpness": 37.609487752560035,
      "transform_matrix": [
        [
          0.9987518607949493,
          0.01778051661618775,
          0.0466751946782389,
          0.16728229271489847
        ],
        [
          0.04519666118141433,
          0.07603735808451668,
          -0.9960801082210402,
          -4.0924405487987165
        ],
        [
          -0.021259877406692114,
          0.9969464245460479,
          0.0751388328917106,
          0.18580421090574797
        ],
        [
          0.0,
          0.0,
          0.0,
          1.0
        ]
      ]
    },
    {
      "file_path": "./images/0065.jpg",
      "sharpness": 57.307642479409104,
      "transform_matrix": [
        [
          0.9766430432466731,
          -0.001319106655613772,
          0.21486420373406048,
          0.9920001539536921
        ],
        [
          0.2142890526188441,
          0.07935358625285277,
          -0.9735415811749338,
          -3.889076568847977
        ],
        [
          -0.015766039944416735,
          0.9968456592257394,
          0.07778279808605815,
          0.16472858553055633
        ],
        [
          0.0,
          0.0,
          0.0,
          1.0
        ]
      ]
    },
    {
      "file_path": "./images/0053.jpg",
      "sharpness": 69.1511072301971,
      "transform_matrix": [
        [
          0.8588640944968411,
          -0.05111443746606553,
          0.509646722227675,
          2.2272216809680896
        ],
        [
          0.5121547180282207,
          0.09943856422666136,
          -0.8531175280968236,
          -3.218668474620433
        ],
        [
          -0.007071915780034681,
          0.9937299865847838,
          0.11158271273020134,
          0.24620475246742354
        ],
        [
          0.0,
          0.0,
          0.0,
          1.0
        ]
      ]
    },
    {
      "file_path": "./images/0071.jpg",
      "sharpness": 52.77310390142747,
      "transform_matrix": [
        [
          0.999672453942967,
          0.02199764307466559,
          0.013080081711129302,
          0.04776313423098014
        ],
        [
          0.011390622145089582,
          0.07524699478270172,
          -0.9970998663641372,
          -4.10760004475648
        ],
        [
          -0.022918083810349717,
          0.9969222605028402,
          0.07497178108591104,
          0.20879687364287428
        ],
        [
          0.0,
          0.0,
          0.0,
          1.0
        ]
      ]
    },
    {
      "file_path": "./images/0055.jpg",
      "sharpness": 69.19381190693704,
      "transform_matrix": [
        [
          0.8942719931340296,
          -0.03732289614609073,
          0.4459648009990503,
          1.9960027499146722
        ],
        [
          0.44741050241055863,
          0.09698980448836945,
          -0.88905389046902,
          -3.335202588337589
        ],
        [
          -0.010071972835339386,
          0.9945853303057036,
          0.10343392148963351,
          0.19647153143068852
        ],
        [
          0.0,
          0.0,
          0.0,
          1.0
        ]
      ]
    },
    {
      "file_path": "./images/0060.jpg",
      "sharpness": 76.141076050736,
      "transform_matrix": [
        [
          0.93932247834778,
          -0.014923478000249277,
          0.34271062353788256,
          1.3991080972248888
        ],
        [
          0.34261825157759057,
          0.09006910027556551,
          -0.9351472027769345,
          -3.7226507467105834
        ],
        [
          -0.016911988809298895,
          0.9958237027660396,
          0.08971698643330103,
          0.19117477675798533
        ],
        [
          0.0,
          0.0,
          0.0,
          1.0
        ]
      ]
    },
    {
      "file_path": "./images/0059.jpg",
      "sharpness": 98.90693411338592,
      "transform_matrix": [
        [
          0.9324786569596936,
          -0.01777702801206478,
          0.3607873772743003,
          1.4783331398919195
        ],
        [
          0.3608286430242099,
          0.09262029784732412,
          -0.928021643497629,
          -3.6715185689380894
        ],
        [
          -0.016918767590440857,
          0.9955427955203463,
          0.09278091183847632,
          0.18955827578375725
        ],
        [
          0.0,
          0.0,
          0.0,
          1.0
        ]
      ]
    },
    {
      "file_path": "./images/0077.jpg",
      "sharpness": 27.875960836674253,
      "transform_matrix": [
        [
          0.9804782345745487,
          0.055230781565392614,
          -0.18871139950733007,
          -0.4713812284486095
        ],
        [
