{
  "camera_angle_x": 1.1467960869078373,
  "camera_angle_y": 1.7231745359069048,
  "fl_x": 557.4713188881882,
  "fl_y": 549.218764197585,
  "k1": 0.0034570700953740143,
  "k2": -0.0012453444769629195,
  "k3": 0,
  "k4": 0,
  "p1": -0.007578322145672593,
  "p2": -0.009641860792825594,
  "is_fisheye": false,
  "cx": 340.28193093217413,
  "cy": 621.6335251090237,
  "w": 720.0,
  "h": 1280.0,
  "aabb_scale": 16,
  "frames": [
    {
      "file_path": "./images/0028.jpg",
      "sharpness": 47.00915339886228,
      "transform_matrix": [
        [
          0.12023479175733412,
          0.002900976671178066,
          0.9927412448302891,
          3.525334430182462
        ],
        [
          0.9927196845216978,
          0.006857942783866593,
          -0.1202522207026332,
          0.7267464230516387
        ],
        [
          -0.007157011543146306,
          0.9999722760941403,
          -0.0020552933233146872,
          0.024760262595358597
        ],
        [
          0.0,
          0.0,
          0.0,
          1.0
        ]
      ]
    },
    {
      "file_path": "./images/0022.jpg",
      "sharpness": 58.165899449025844,
      "transform_matrix": [
        [
          0.11542252985605649,
          -0.005736469423865569,
          0.9932999207298595,
          2.9607348636083506
        ],
        [
          0.9932829045015626,
          0.008889063494360631,
          -0.11536921675704387,
          -0.5832801977710633
        ],
        [
          -0.008167694079928999,
          0.9999440371693366,
          0.006723935207491913,
          0.026426850510530047
        ],
        [
          0.0,
          0.0,
          0.0,
          1.0
        ]
      ]
    },
    {
      "file_path": "./images/0029.jpg",
      "sharpness": 52.204821822738644,
      "transform_matrix": [
        [
          0.13082204290813396,
          0.003350016438022062,
          0.9914002070208456,
          3.556293771780571
        ],
        [
          0.9913863131482457,
          0.005838546067077255,
          -0.1308399384062522,
          0.9271213863802644
        ],
        [
          -0.006226651724011866,
          0.9999773441290843,
          -0.002557349921368319,
          0.01713107637839107
        ],
        [
          0.0,
          0.0,
          0.0,
          1.0
        ]
      ]
    },
    {
      "file_path": "./images/0021.jpg",
      "sharpness": 58.32969779339071,
      "transform_matrix": [
        [
          0.11138059847284604,
          -0.0064455151804519535,
          0.9937569207908228,
          2.904199964985211
        ],
        [
          0.9937492518500858,
          0.00830509911992457,
          -0.11132587199750178,
          -0.7830424032482575
        ],
        [
          -0.007535697130341856,
          0.9999447388053182,
          0.007330252798716096,
          0.02015470788672969
        ],
        [
          0.0,
          0.0,
          0.0,
          1.0
        ]
      ]
    },
    {
      "file_path": "./images/0011.jpg",
      "sharpness": 55.25698103151203,
      "transform_matrix": [
        [
          0.07860238360369474,
          -0.00682406313690457,
          0.9968826899168675,
          3.0012298835311726
        ],
        [
          0.9969054273907254,
          -0.000576284043577895,
          -0.07860812130827735,
          -2.2145538851102478
        ],
        [
          0.001110914370399241,
          0.99997654975543,
          0.0067576482785792385,
          -0.04023831368910974
        ],
        [
          0.0,
          0.0,
          0.0,
          1.0
        ]
      ]
    },
    {
      "file_path": "./images/0020.jpg",
      "sharpness": 53.7194638074663,
      "transform_matrix": [
        [
          0.10629576595226997,
          -0.005386719002296394,
          0.9943199653033116,
          2.8765894557791944
        ],
        [
          0.9943032334864748,
          0.00851308458088712,
          -0.10624785771609752,
          -0.8879883511029825
        ],
        [
          -0.007892402610979246,
          0.9999492540379628,
          0.006260936968008291,
          0.01803198569995371
        ],
        [
          0.0,
          0.0,
          0.0,
          1.0
        ]
      ]
    },
    {
      "file_path": "./images/0003.jpg",
      "sharpness": 109.41912941814935,
      "transform_matrix": [
        [
          0.05561699251793692,
          -0.010003230924407244,
          0.9984020660616147,
          2.9008423869683266
        ],
        [
          0.9983177949499762,
          -0.01584822790720008,
          -0.05577108532581491,
          -2.968057760593576
        ],
        [
          0.016380794531382855,
          0.9998243690994147,
          0.009104972665892441,
          -0.037827570283366
        ],
        [
          0.0,
          0.0,
          0.0,
          1.0
        ]
      ]
    },
    {
      "file_path": "./images/0001.jpg",
      "sharpness": 105.36709814712616,
      "transform_matrix": [
        [
          0.054656045803065725,
          -0.009733291687614202,
          0.9984578006565252,
          2.9106851477559545
        ],
        [
          0.998339201983425,
          -0.017702337250390825,
          -0.054822121802902794,
          -2.982987500961715
        ],
        [
          0.01820863641994687,
          0.9997959243218417,
          0.008749586900506083,
          -0.04345542454652414
        ],
        [
          0.0,
          0.0,
          0.0,
          1.0
        ]
      ]
    },
    {
      "file_path": "./images/0030.jpg",
      "sharpness": 56.48608885248915,
      "transform_matrix": [
        [
          0.1340189679145009,
          0.0032205850597579397,
          0.9909735334875363,
          3.5526007883069908
        ],
        [
          0.9909637037366259,
          0.005078060585058689,
          -0.1340341418343994,
          1.1896547568078337
        ],
        [
          -0.005463891995928729,
          0.9999819204037322,
          -0.0025109264603996057,
          -0.00038686470042960684
        ],
        [
          0.0,
          0.0,
          0.0,
          1.0
        ]
      ]
    },
    {
      "file_path": "./images/0027.jpg",
      "sharpness": 58.33385633544452,
      "transform_matrix": [
        [
          0.10988872243572892,
          0.0022265353944766753,
          0.9939414023086819,
          3.462297405247206
        ],
        [
          0.9939124319789262,
          0.00771063118873147,
          -0.10990279215929141,
          0.5220815526203944
        ],
        [
          -0.007908618033107292,
          0.9999677938356704,
          -0.0013656697983085893,
          0.014631205072617094
        ],
        [
          0.0,
          0.0,
          0.0,
          1.0
        ]
      ]
    },
    {
      "file_path": "./images/0026.jpg",
      "sharpness": 62.54395824876948,
      "transform_matrix": [
        [
          0.10599597007337197,
          0.0005274024658380051,
          0.9943664194735321,
          3.39862693204238
        ],
        [
          0.9943319262815009,
          0.008289877371713567,
          -0.1059966900921103,
          0.3838553860185085
        ],
        [
          -0.00829907859571071,
          0.9999654992956356,
          0.0003542804840218506,
          0.015962763792426587
        ],
        [
          0.0,
          0.0,
          0.0,
          1.0
        ]
      ]
    },
    {
      "file_path": "./images/0018.jpg",
      "sharpness": 56.26707937460888,
      "transform_matrix": [
        [
          0.09163136568977381,
          -0.004155569976981131,
          0.995784326077571,
          2.844128985648706
        ],
        [
          0.9957613330660164,
          0.00835691424793295,
          -0.09159437512666029,
          -1.2135572357145217
        ],
        [
          -0.007941057387129266,
          0.9999564456636042,
          0.004903711365418367,
          -0.0017743443147840154
        ],
        [
          0.0,
          0.0,
          0.0,
          1.0
        ]
      ]
    },
    {
      "file_path": "./images/0010.jpg",
      "sharpness": 75.48371465378749,
      "transform_matrix": [
        [
          0.06840636007358625,
          -0.006168219361414829,
          0.9976384730818878,
          2.987193779642703
        ],
        [
          0.9976521781434589,
          -0.0028559756643356717,
          -0.06842495779039799,
          -2.376746067287801
        ],
        [
          0.0032712913503735964,
          0.9999768979704899,
          0.005958370581526305,
          -0.04794764633945453
        ],
        [
          0.0,
          0.0,
          0.0,
          1.0
        ]
      ]
    },
    {
      "file_path": "./images/0004.jpg",
      "sharpness": 114.3152940402137,
      "transform_matrix": [
        [
          0.0570918124228526,
          -0.010101804588210753,
          0.9983178243926648,
          2.8902609429073887
        ],
        [
          0.9982631776165924,
          -0.01397649388677555,
          -0.05723011299532328,
          -2.9269630760656136
        ],
        [
          0.01453111038772313,
          0.9998512945255726,
          0.009286316180576296,
          -0.03548830369265823
        ],
        [
          0.0,
          0.0,
          0.0,
          1.0
        ]
      ]
    },
    {
      "file_path": "./images/0002.jpg",
      "sharpness": 105.36709814712616,
      "transform_matrix": [
        [
          0.054656045803065725,
          -0.009733291687614198,
          0.9984578006565252,
          2.9106851477559545
        ],
        [
          0.998339201983425,
          -0.017702337250390825,
          -0.054822121802902794,
          -2.982987500961715
        ],
        [
          0.018208636419946873,
          0.9997959243218417,
          0.00874958690050608,
          -0.04345542454652414
        ],
        [
          0.0,
          0.0,
          0.0,
          1.0
        ]
      ]
    },
    {
      "file_path": "./images/0025.jpg",
      "sharpness": 50.75000807359012,
      "transform_matrix": [
        [
          0.104990309971767,
          0.005003372987739729,
          0.9944606583835011,
          3.0268294111336758
        ],
        [
          0.9944716319691093,
          0.0012728018104518136,
          -0.10499787228438943,
          -4.1476518720140625
        ],
        [
          -0.00179109484437147,
          0.9999866730292292,
          -0.004842080643855631,
          -0.10289064830129828
        ],
        [
          0.0,
          0.0,
          0.0,
          1.0
        ]
      ]
    },
    {
      "file_path": "./images/0005.jpg",
      "sharpness": 105.7376355802642,
      "transform_matrix": [
        [
          0.05752377168009081,
          -0.009299602065539534,
          0.9983008229461136,
          2.8903321420909167
        ],
        [
          0.9982610031654316,
          -0.012368544349897943,
          -0.057636695514328234,
          -2.872037896612343
        ],
        [
          0.012883526335804541,
          0.9998802610882247,
          0.0085719447657863,
          -0.03507689503224606
        ],
        [
          0.0,
          0.0,
          0.0,
          1.0
        ]
      ]
    },
    {
      "file_path": "./images/0007.jpg",
      "sharpness": 100.49386108030981,
      "transform_matrix": [
        [
          0.059411830888597195,
          -0.008586764952989783,
          0.9981966248289338,
          2.9144063556620896
        ],
        [
          0.9981950408823874,
          -0.008273116597687155,
          -0.05948290426308244,
          -2.685914480566709
        ],
        [
          0.00876896278225584,
          0.9999289089786194,
          0.008079745189073744,
          -0.03838903035687812
        ],
        [
          0.0,
          0.0,
          0.0,
          1.0
        ]
      ]
    },
    {
      "file_path": "./images/0012.jpg",
      "sharpness": 70.46629656369126,
      "transform_matrix": [
        [
          0.08346144090582924,
          -0.0061951814546648085,
          0.9964917498958207,
          3.00382193547622
        ],
        [
          0.9965108623494249,
          0.0010584227639287463,
          -0.08345646146859455,
          -2.094013066045457
        ],
        [
          -0.0005376816297947374,
          0.9999802495398427,
          0.006261903102764307,
          -0.03558841172205228
        ],
        [
          0.0,
          0.0,
          0.0,
          1.0
        ]
      ]
    },
    {
      "file_path": "./images/0006.jpg",
      "sharpness": 112.11349545249945,
      "transform_matrix": [
        [
          0.058097587549258964,
          -0.008632609310752534,
          0.9982735839333887,
          2.9012582897480406
        ],
        [
          0.9982523282284448,
          -0.010330322066164691,
          -0.05818568236687778,
          -2.7889869698590943
        ],
        [
          0.010814781895529198,
          0.9999093771458822,
          0.008017355552494318,
          -0.03563098565938877
        ],
        [
          0.0,
          0.0,
          0.0,
          1.0
        ]
      ]
    },
    {
      "file_path": "./images/0031.jpg",
      "sharpness": 54.52997386864557,
      "transform_matrix": [
        [
          0.13289555503247788,
          0.003813202148202726,
          0.9911227123539017,
          3.5253232025192673
        ],
        [
          0.9911171893045998,
          0.0045824733258646375,
          -0.1329124448769511,
          1.3849409597101998
        ],
        [
          -0.005048615412348018,
          0.9999822300567964,
          -0.003170339859314548,
          -0.0040352864860334235
        ],
        [
          0.0,
          0.0,
          0.0,
          1.0
        ]
      ]
    },
    {
      "file_path": "./images/0024.jpg",
      "sharpness": 71.03078297915991,
      "transform_matrix": [
        [
          0.11397661627840178,
          0.0025025372208229008,
          0.9934802807559658,
          3.1736533003851046
        ],
        [
          0.9934476916830739,
          0.008195187093877034,
          -0.11399352086004393,
          -0.08065153149863977
        ],
        [
          -0.008427029803757525,
          0.9999632874349558,
          -0.0015520801306488606,
          0.014645217264975956
        ],
        [
          0.0,
          0.0,
          0.0,
          1.0
        ]
      ]
    },
    {
      "file_path": "./images/0008.jpg",
      "sharpness": 95.5477234934065,
      "transform_matrix": [
        [
          0.06074756334014089,
          -0.008889794534666848,
          0.9981135732486236,
          2.931509056585442
        ],
        [
          0.9981262003047285,
          -0.0068085997997014034,
          -0.06080897330175167,
          -2.6125905379453007
        ],
        [
          0.00733633515341645,
          0.9999373052965213,
          0.008459530992786825,
          -0.039538619340006916
        ],
        [
          0.0,
          0.0,
          0.0,
          1.0
        ]
      ]
    },
    {
      "file_path": "./images/0014.jpg",
      "sharpness": 77.4207702933417,
      "transform_matrix": [
        [
          0.08819744401253939,
          -0.005847617012511072,
          0.9960858478297434,
          2.9463064888764565
        ],
        [
          0.9960984100540469,
          0.0035574833518050774,
          -0.0881776717769432,
          -1.8602075406181706
        ],
        [
          -0.003027929567016482,
          0.9999765745702477,
          0.006138562947513736,
          -0.04238084100524614
        ],
        [
          0.0,
          0.0,
          0.0,
          1.0
        ]
      ]
    },
    {
      "file_path": "./images/0032.jpg",
      "sharpness": 63.338609838602295,
      "transform_matrix": [
        [
          0.12849612628433793,
          0.011642097082140878,
          0.9916416727362853,
          3.505349911733316
        ],
        [
          0.9917007481069571,
          0.002813302566348653,
          -0.12853681003032796,
          1.5604436215818585
        ],
        [
          -0.004286226083809029,
          0.9999282708804512,
          -0.011183977904051245,
          0.0008184334446060956
        ],
        [
          0.0,
          0.0,
          0.0,
          1.0
        ]
      ]
    },
    {
      "file_path": "./images/0023.jpg",
      "sharpness": 68.79436089265494,
      "transform_matrix": [
        [
          0.11699983263343028,
          -0.002432978055424556,
          0.9931289542568477,
          3.062314732749241
        ],
        [
          0.9930973441066204,
          0.008632718545127153,
          -0.11697496013633772,
          -0.30100217756352127
        ],
        [
          -0.008288805230069946,
          0.9999597775861144,
          0.003426210670063299,
          0.022989057583047912
        ],
        [
          0.0,
          0.0,
          0.0,
          1.0
        ]
      ]
    },
    {
      "file_path": "./images/0013.jpg",
      "sharpness": 69.06293400967445,
      "transform_matrix": [
        [
          0.08615905237822638,
          -0.005976805283878041,
          0.9962634669070491,
          2.977117641575875
        ],
        [
          0.9962798674016863,
          0.002267921149090157,
          -0.08614686496757004,
          -1.9843015378183166
        ],
        [
          -0.0017445639489366736,
          0.9999795669582602,
          0.006149972712781952,
          -0.04011278668103089
        ],
        [
          0.0,
          0.0,
          0.0,
          1.0
        ]
      ]
    },
    {
      "file_path": "./images/0017.jpg",
      "sharpness": 75.06725648893665,
      "transform_matrix": [
        [
          0.08702945251548769,
          -0.0006814933811744063,
          0.9962055058889178,
          2.8596425467419055
        ],
        [
          0.9961830536671513,
          0.00680808310499753,
          -0.08702283373244954,
          -1.3926033964990874
        ],
        [
          -0.006722944388548148,
          0.9999765925125329,
          0.0012713959028202455,
          -0.026077848601272612
        ],
        [
          0.0,
          0.0,
          0.0,
          1.0
        ]
      ]
    },
    {
      "file_path": "./images/0019.jpg",
      "sharpness": 60.92876627425089,
      "transform_matrix": [
        [
          0.10052445222453056,
          -0.0025900563132874067,
          0.9949312167758234,
          2.863497436395798
        ],
        [
          0.9949026927720471,
          0.008268794947531155,
          -0.1005000445027054,
          -1.0492159020356904
        ],
        [
          -0.007966581443667048,
          0.9999624586154117,
          0.003408070083178512,
          0.021054290309712367
        ],
        [
          0.0,
          0.0,
          0.0,
          1.0
        ]
      ]
    },
    {
      "file_path": "./images/0009.jpg",
      "sharpness": 96.984481192577,
      "transform_matrix": [
        [
          0.06342696315523133,
          -0.007884376399490634,
          0.9979553381567057,
          2.9561696726833344
        ],
        [
          0.9979730131797095,
          -0.004694319594896327,
          -0.06346517413946903,
          -2.4950974246266577
        ],
        [
          0.0051851046199152045,
          0.9999578991008078,
          0.007570648436458383,
          -0.05064982912861648
        ],
        [
          0.0,
          0.0,
          0.0,
          1.0
        ]
      ]
    },
    {
      "file_path": "./images/0016.jpg",
      "sharpness": 84.17461877271747,
      "transform_matrix": [
        [
          0.08923678311219478,
          -0.006909251777547308,
          0.9959864752000551,
          2.882940841297139
        ],
        [
          0.9959977873285819,
          0.005659385351278033,
          -0.08919853694997365,
          -1.6141011122886455
        ],
        [
          -0.005020376117842004,
          0.9999601160041783,
          0.0073866248256736124,
          -0.039307912030189185
        ],
        [
          0.0,
          0.0,
          0.0,
          1.0
        ]
      ]
    },
    {
      "file_path": "./images/0015.jpg",
      "sharpness": 87.29396049306898,
      "transform_matrix": [
        [
          0.08968551131343838,
          -0.006173775232077202,
          0.9959509995785932,
          2.92141851133451
        ],
        [
          0.9959632117916809,
          0.004284352787429473,
          -0.08966005285963646,
          -1.766399632987199
        ],
        [
          -0.003713464427536157,
          0.9999717640125374,
          0.006533097379407401,
          -0.04132727124789493
        ],
        [
          0.0,
          0.0,
          0.0,
          1.0
        ]
      ]
    },
    {
      "file_path": "./images/0033.jpg",
      "sharpness": 33.52129122310216,
      "transform_matrix": [
        [
          0.12733099777444098,
          0.006253536934896966,
          0.9918405669679666,
          3.4705833598694973
        ],
        [
          0.9918501983774758,
          0.0037060624210825013,
          -0.1273556008972275,
          1.681550700941529
        ],
        [
          -0.004472246007021942,
          0.9999735788404133,
          -0.005730675223547541,
          0.015309602469297757
        ],
        [
          0.0,
          0.0,
          0.0,
          1.0
        ]
      ]
    },
    {
      "file_path": "./images/0034.jpg",
      "sharpness": 38.11965711669451,
      "transform_matrix": [
        [
          0.13045329666769143,
          0.004384902336901931,
          0.9914447589360668,
          3.4541359241750005
        ],
        [
          0.9914458014836849,
          0.003601189824182038,
          -0.1304693609711673,
          1.8582766649498814
        ],
        [
          -0.004142476182935736,
          0.9999839019029831,
          -0.003877605927346631,
          0.03123774694663075
        ],
        [
          0.0,
          0.0,
          0.0,
          1.0
        ]
      ]
    },
    {
      "file_path": "./images/0035.jpg",
      "sharpness": 53.3500987335947,
      "transform_matrix": [
        [
          0.13296150675621218,
          0.004148491648092355,
          0.9911125202215599,
          3.4337527938489396
        ],
        [
          0.9911137958701651,
          0.0033093901540731546,
          -0.13297552997691545,
          2.052736388311026
        ],
        [
          -0.003831625891509741,
          0.9999859188786725,
          -0.003671605803146658,
          0.034322284186520495
        ],
        [
          0.0,
          0.0,
          0.0,
          1.0
        ]
      ]
    },
    {
      "file_path": "./images/0039.jpg",
      "sharpness": 49.25959086156658,
      "transform_matrix": [
        [
          0.11221716588468478,
          0.003429124192207582,
          0.9936777892203548,
          3.513865378756987
        ],
        [
          0.99368287861129,
          0.0009032467487879745,
          -0.11222085768738195,
          2.9882668247544855
        ],
        [
          -0.0012823554904221788,
          0.9999937126074117,
          -0.003306102208184808,
          -0.01862006008899319
        ],
        [
          0.0,
          0.0,
          0.0,
          1.0
        ]
      ]
    },
    {
      "file_path": "./images/0042.jpg",
      "sharpness": 45.335709590186596,
      "transform_matrix": [
        [
          0.11199633443662037,
          0.007920452490392372,
          0.9936770539299357,
          3.5765723337644957
        ],
        [
          0.9937085102441875,
          -0.0013622444399719958,
          -0.11198902159749465,
          3.551600664087967
        ],
        [
          0.0004666273168353348,
          0.9999677048406127,
          -0.008023187428571105,
          -0.01849513654749405
        ],
        [
          0.0,
          0.0,
          0.0,
          1.0
        ]
      ]
    },
    {
      "file_path": "./images/0041.jpg",
      "sharpness": 53.84981552009115,
      "transform_matrix": [
        [
          0.10913238311223716,
          0.002783337725816957,
          0.9940233276885991,
          3.56286372161667
        ],
        [
          0.9940271148903242,
          0.0001639359897625775,
          -0.10913325793638669,
          3.338709607829521
        ],
        [
          -0.0004667109120273583,
          0.999996113071378,
          -0.002748822444118478,
          -0.026764007458877453
        ],
        [
          0.0,
          0.0,
          0.0,
          1.0
        ]
      ]
    },
    {
      "file_path": "./images/0038.jpg",
      "sharpness": 61.06975907643636,
      "transform_matrix": [
        [
          0.12007895145604339,
          0.0058749242597753385,
          0.992746962062301,
          3.4868824981470974
        ],
        [
          0.9927634273153968,
          0.0006493325421430014,
          -0.12008478568177339,
          2.7451709561113518
        ],
        [
          -0.001350111929212418,
          0.999982531664409,
          -0.005754438772546026,
          -0.0029499839280560315
        ],
        [
          0.0,
          0.0,
          0.0,
          1.0
        ]
      ]
    },
    {
      "file_path": "./images/0036.jpg",
      "sharpness": 61.87087616904455,
      "transform_matrix": [
        [
          0.12999999753792724,
          0.004768450171339797,
          0.9915025277450739,
          3.4508114131096272
        ],
        [
          0.9915094348427693,
          0.0024073669562325807,
          -0.13001248094744933,
          2.3128791529796873
        ],
        [
          -0.003006868459364735,
          0.9999857331327635,
          -0.004415005636077812,
          0.032496372485010805
        ],
        [
          0.0,
          0.0,
          0.0,
          1.0
        ]
      ]
    },
    {
      "file_path": "./images/0040.jpg",
      "sharpness": 42.97446179978644,
      "transform_matrix": [
        [
          0.10997301517720076,
          0.0022983803250448288,
          0.9939319158687304,
          3.5375422095897218
        ],
        [
          0.9939342418138518,
          0.000562365027090198,
          -0.1099745729498458,
          3.135096725883666
        ],
        [
          -0.0008117159435164581,
          0.9999972005936953,
          -0.002222593928113895,
          -0.021914655644364782
        ],
        [
          0.0,
          0.0,
          0.0,
          1.0
        ]
      ]
    },
    {
      "file_path": "./images/0043.jpg",
      "sharpness": 50.9135082305802,
      "transform_matrix": [
        [
          0.1139694691949822,
          0.011349804893992368,
          0.9934194189877963,
          3.5604643879738846
        ],
        [
          0.9934836010610408,
          -0.0024471684796627934,
          -0.1139488735759128,
          3.6880914538649705
        ],
        [
          0.0011377672062550526,
          0.999932594376776,
          -0.011554747530081528,
          -0.017052277335986382
        ],
        [
          0.0,
          0.0,
          0.0,
          1.0
        ]
      ]
    },
    {
      "file_path": "./images/0045.jpg",
      "sharpness": 55.16414044036865,
      "transform_matrix": [
        [
          0.1131695501034543,
          0.01185751155663944,
          0.9935049332292389,
          3.465058766805103
        ],
        [
          0.9935704787348058,
          -0.00458934159311952,
          -0.11312224242133642,
          3.9072430225992805
        ],
        [
          0.0032181852162144237,
          0.9999191654154824,
          -0.012300647157298054,
          -0.00939850849203989
        ],
        [
          0.0,
          0.0,
          0.0,
          1.0
        ]
      ]
    },
    {
      "file_path": "./images/0044.jpg",
      "sharpness": 55.79966088141923,
      "transform_matrix": [
        [
          0.11402469061407469,
          0.011932916015694711,
          0.993406248947275,
          3.5227144511115536
        ],
        [
          0.9934752653686122,
          -0.0036794770668054618,
          -0.11398841410108711,
          3.8063744308520393
        ],
        [
          0.002295001338792236,
          0.9999220304431974,
          -0.012274608139477646,
          -0.013629486739715998
        ],
        [
          0.0,
          0.0,
          0.0,
          1.0
        ]
      ]
    },
    {
      "file_path": "./images/0037.jpg",
      "sharpness": 60.244675026556884,
      "transform_matrix": [
        [
          0.12475046420224087,
          0.005860283701673371,
          0.9921708415177448,
          3.4638167209096355
        ],
        [
          0.9921858610134495,
          0.0014103752807776747,
          -0.12476068309594943,
          2.522731487729965
        ],
        [
          -0.002130466226941832,
          0.9999818337941307,
          -0.0056385456593514086,
          0.013315716364355827
        ],
        [
          0.0,
          0.0,
          0.0,
          1.0
        ]
      ]
    },
    {
      "file_path": "./images/0046.jpg",
      "sharpness": 58.88637586579384,
      "transform_matrix": [
        [
          0.11269792686872629,
          0.012055828521290265,
          0.9935561555744721,
          3.4229733612223936
        ],
        [
          0.993621926210278,
          -0.005218503679123395,
          -0.11264206573713349,
          3.9659265540177917
        ],
        [
          0.0038268830244702953,
          0.9999137083867715,
          -0.012567050103379183,
          -0.0020704140922142497
        ],
        [
          0.0,
          0.0,
          0.0,
          1.0
        ]
      ]
    },
    {
      "file_path": "./images/0047.jpg",
      "sharpness": 64.79128679059345,
      "transform_matrix": [
        [
          0.1128280044586928,
          0.011519320802549948,
          0.9935477576140392,
          3.3702788532230454
        ],
        [
          0.9936027005918731,
          -0.006188079100664008,
          -0.11276249843623179,
          4.041204409706559
        ],
        [
          0.004849204720419044,
          0.9999145028086456,
          -0.012143816874758143,
          0.021395609620980482
        ],
        [
          0.0,
          0.0,
          0.0,
          1.0
        ]
      ]
    },
    {
      "file_path": "./images/0048.jpg",
      "sharpness": 59.51594387294512,
      "transform_matrix": [
        [
          0.11372675543368044,
          0.012764484943264319,
          0.993430064485885,
          3.324867487212779
        ],
        [
          0.9934949408904044,
          -0.00733203830956826,
          -0.11363997377419581,
          4.102402358857912
        ],
        [
          0.005833311556493711,
          0.9998916487000626,
          -0.013515300141867399,
          0.035743379805858566
        ],
        [
          0.0,
          0.0,
          0.0,
          1.0
        ]
      ]
    }
  ]
}